
x =

                   0   0.250000000000000   0.500000000000000   0.750000000000000


f =

   1.000000000000000   1.648720000000000   2.718280000000000   4.481690000000000


prod =

     1


n =

     4


l =

     1


l =

  -0.720000000000000


l =

  -0.100800000000000


l =

  -0.043008000000000


l =

  -0.043008000000000   1.000000000000000


l =

  -0.043008000000000   1.720000000000000


l =

  -0.043008000000000   0.481600000000000


l =

  -0.043008000000000   0.308224000000000


l =

  -0.043008000000000   0.308224000000000   1.000000000000000


l =

  -0.043008000000000   0.308224000000000   0.860000000000000


l =

  -0.043008000000000   0.308224000000000   0.619200000000000


l =

  -0.043008000000000   0.308224000000000   0.792576000000000


l =

  -0.043008000000000   0.308224000000000   0.792576000000000   1.000000000000000


l =

  -0.043008000000000   0.308224000000000   0.792576000000000   0.573333333333333


l =

  -0.043008000000000   0.308224000000000   0.792576000000000   0.206400000000000


l =

  -0.043008000000000   0.308224000000000   0.792576000000000  -0.057792000000000


s =

     0


s =

  -0.043008000000000


s =

   0.465167073280000


s =

   2.619610562560000


s =

   2.360604734080000


s =

   2.360604734080000
