
f =

  function_handle with value:

    @(x,y)-y+2*cos(x)


a =

     0


b =

     1


h =

    0.2000


n =

     5


x =

     0


y =

     1


k1 =

    0.2000


k2 =

    0.1780


k3 =

    0.1802


k4 =

    0.1560


y =

    1.0000    1.1787


x =

         0    0.2000


k1 =

    0.1563


k2 =

    0.1308


k3 =

    0.1333


k4 =

    0.1060


y =

    1.0000    1.1787    1.3105


x =

         0    0.2000    0.4000


k1 =

    0.1063


k2 =

    0.0783


k3 =

    0.0811


k4 =

    0.0518


y =

    1.0000    1.1787    1.3105    1.3900


x =

         0    0.2000    0.4000    0.6000


k1 =

    0.0521


k2 =

    0.0227


k3 =

    0.0257


k4 =

   -0.0044


y =

    1.0000    1.1787    1.3105    1.3900    1.4141


x =

         0    0.2000    0.4000    0.6000    0.8000


k1 =

   -0.0041


k2 =

   -0.0338


k3 =

   -0.0308


k4 =

   -0.0605


y =

    1.0000    1.1787    1.3105    1.3900    1.4141    1.3818


x =

         0    0.2000    0.4000    0.6000    0.8000    1.0000


y =

    1.0000    1.1787    1.3105    1.3900    1.4141    1.3818