
a =

     0


b =

     2


h =

    0.2000


n =

    10


x =

     0


y =

    0.5000


k2 =

    0.3520


x =

         0    0.2000


k2 =

    0.4046


x =

         0    0.2000    0.4000


k2 =

    0.4513


x =

         0    0.2000    0.4000    0.6000


k2 =

    0.4905


x =

         0    0.2000    0.4000    0.6000    0.8000


k2 =

    0.5209


x =

         0    0.2000    0.4000    0.6000    0.8000    1.0000


k2 =

    0.5402


x =

         0    0.2000    0.4000    0.6000    0.8000    1.0000    1.2000


k2 =

    0.5463


x =

         0    0.2000    0.4000    0.6000    0.8000    1.0000    1.2000    1.4000


k2 =

    0.5361


x =

         0    0.2000    0.4000    0.6000    0.8000    1.0000    1.2000    1.4000    1.6000


k2 =

    0.5060


x =

         0    0.2000    0.4000    0.6000    0.8000    1.0000    1.2000    1.4000    1.6000    1.8000


k2 =

    0.4517


x =

         0    0.2000    0.4000    0.6000    0.8000    1.0000    1.2000    1.4000    1.6000    1.8000    2.0000


x =

         0    0.2000    0.4000    0.6000    0.8000    1.0000    1.2000    1.4000    1.6000    1.8000    2.0000


y =

    0.5000    0.8260    1.2069    1.6372    2.1102    2.6177    3.1496    3.6937    4.2351    4.7556    5.2331