
x0 =

     1     1     1


a =

     4     1     0
     1    20     1
     0     1     4


tol =

   0.010000000000000


k =

     0


k0 =

     1


y =

     5    22     5


k0 =

     0


k =

    22


x0 =

   0.227272727272727   1.000000000000000   0.227272727272727


y =

   1.909090909090909  20.454545454545453   1.909090909090909


k0 =

    22


k =

  20.454545454545453


x0 =

   0.093333333333333   1.000000000000000   0.093333333333333


y =

   1.373333333333333  20.186666666666667   1.373333333333333


k0 =

  20.454545454545453


k =

  20.186666666666667


x0 =

   0.068031704095112   1.000000000000000   0.068031704095112


y =

   1.272126816380449  20.136063408190225   1.272126816380449


k0 =

  20.186666666666667


k =

  20.136063408190225


x0 =

   0.063176540051171   1.000000000000000   0.063176540051171


y =

   1.252706160204684  20.126353080102341   1.252706160204684


k0 =

  20.136063408190225


k =

  20.126353080102341


x0 =

   0.062242084058595   1.000000000000000   0.062242084058595


y =

   1.252706160204684  20.126353080102341   1.252706160204684


k =

  20.126353080102341

