
f =

  function_handle with value:

    @(x)(cos(x)^2)


a =

   -0.2500


b =

    0.2500


n =

     4


h =

    0.1250


sum =

    1.8776


sum =

    3.8465


sum =

    5.8465


sum =

    7.8154


ans =

    0.4885