
x =

    1.0000
    1.5000
    2.0000
    2.5000


a =

    2.7183
    4.4817
    7.3891
   12.1825


sum =

    2.7183


prod =

     1


prod =

    1.2500


sum =

    7.1268


prod =

     1


prod =

    1.2500


prod =

    0.9375


sum =

    9.2718


prod =

     1


prod =

    1.2500


prod =

    0.9375


prod =

    0.2344


sum =

    9.5037


sum =

    9.5037